0.126 -2612.12
0.212 -1251.33
0.284 -563.036
0.526 -225.042
0.91 -119.021
0.936 -73.0909
0.948 -38.3271
0.952 -22.1072
0.958 -14.802
0.96 -12.1566
0.956 -12.0946
0.966 -12.319
0.964 -13.3762
0.964 -14.0504
0.968 -14.9279
0.97 -15.5991
0.968 -16.0701
0.97 -16.7391
0.97 -17.1244
0.968 -17.045
0.97 -17.4282
0.968 -17.7858
0.97 -18.2911
0.968 -18.4213
0.968 -18.6412
0.97 -18.6087
0.97 -18.6208
0.964 -19.1074
0.962 -19.1185
0.966 -19.1097
0.968 -19.1254
0.972 -19.2566
0.97 -19.2528
0.97 -19.3341
0.968 -19.306
0.966 -19.4314
0.972 -19.4912
0.968 -19.5026
0.972 -19.5097
0.972 -19.7237
0.972 -19.7331
0.968 -19.6405
0.976 -19.6442
0.974 -19.5967
0.97 -19.5533
0.972 -19.6668
0.974 -19.8488
0.974 -19.7031
0.974 -19.7753
0.972 -19.7976
0.976 -19.8483
0.976 -19.7719
0.968 -19.9284
0.972 -19.8528
0.972 -19.895
0.968 -19.9513
0.976 -19.8467
0.97 -19.7908
0.976 -19.8746
0.968 -19.8484
0.97 -19.9088
0.972 -20.1264
0.972 -19.9624
0.976 -20.0226
0.98 -19.9173
0.976 -19.8061
0.974 -20.0511
0.972 -20.0473
0.976 -20.0636
0.968 -19.9586
0.976 -20.1002
0.972 -20.0896
0.974 -20.0675
0.976 -20.0583
0.972 -20.0618
0.976 -20.0808
0.972 -20.0184
0.974 -20.1296
0.97 -20.0993
0.974 -20.1601
0.978 -20.0622
0.976 -19.9405
0.968 -19.6531
0.976 -19.7785
0.972 -19.7767
0.968 -19.8614
0.966 -20.0347
0.968 -20.0626
0.974 -20.0843
0.976 -20.1944
0.966 -20.1707
0.968 -19.9962
0.98 -20.1136
0.976 -20.0375
0.976 -19.9364
0.972 -20.0071
0.972 -20.1057
0.972 -20.0656
0.974 -19.9604
0.972 -20.1718
