0.092 -2601.17
0.196 -1238.03
0.204 -552.934
0.204 -205.585
0.244 -31.9712
0.26 43.4985
0.432 73.1033
0.644 62.9089
0.864 19.5026
0.908 2.07153
0.904 -3.51221
0.916 -6.34345
0.92 -8.68097
0.928 -9.98032
0.916 -11.1811
0.928 -12.3475
0.916 -13.3713
0.92 -14.3272
0.916 -15.1758
0.912 -15.9538
0.924 -16.7543
0.932 -17.1877
0.932 -17.6261
0.932 -17.9244
0.928 -18.1325
0.928 -18.3694
0.94 -18.5539
0.94 -18.6292
0.936 -18.7542
0.94 -18.816
0.94 -18.9836
0.936 -19.045
0.94 -19.1445
0.944 -19.2083
0.94 -19.294
0.948 -19.4095
0.952 -19.4761
0.948 -19.4762
0.94 -19.452
0.952 -19.534
0.948 -19.5786
0.948 -19.6479
0.944 -19.6984
0.932 -19.7199
0.928 -19.7799
0.936 -19.8427
0.936 -19.833
0.94 -19.8653
0.932 -19.8828
0.932 -19.9128
0.932 -19.9236
0.936 -19.928
0.94 -19.9297
0.936 -19.9049
0.932 -19.916
0.936 -19.9189
0.944 -19.9162
0.932 -19.9149
0.928 -19.9089
0.936 -19.9441
0.936 -19.9448
0.94 -19.9382
0.936 -19.9414
0.936 -19.943
0.932 -19.9136
0.936 -19.9493
0.932 -19.9384
0.936 -19.9405
0.944 -19.9125
0.936 -19.9459
0.936 -19.9409
0.94 -19.9264
0.944 -19.9589
0.94 -19.9724
0.932 -19.9637
0.932 -20.002
0.936 -19.9993
0.936 -20.016
0.932 -20.0435
0.936 -20.0198
0.928 -20.0131
0.932 -20.0026
0.94 -20.0046
0.932 -20.0191
0.936 -20.0278
0.936 -20.0278
0.94 -20.0228
0.936 -20.0202
0.928 -19.9576
0.94 -19.7599
0.916 -18.1242
0.94 -17.7999
0.944 -18.8869
0.936 -19.4825
0.924 -19.8058
0.924 -20.124
0.924 -20.1467
0.924 -20.1601
0.928 -20.1719
0.932 -20.1731
