0.088 2.98392e+07
0.104 2.95437e+07
0.104 2.95448e+07
0.104 2.95459e+07
0.104 2.95464e+07
0.104 2.95467e+07
0.104 2.95468e+07
0.104 2.95469e+07
0.104 2.95469e+07
0.104 2.95469e+07
0.104 2.95469e+07
0.104 2.95469e+07
0.104 2.95469e+07
0.104 2.95469e+07
0.104 2.95469e+07
0.104 2.95469e+07
0.104 2.95469e+07
0.104 2.95469e+07
0.104 2.95469e+07
0.104 2.95469e+07
0.104 2.95469e+07
0.104 2.95469e+07
0.104 2.95469e+07
0.104 2.95469e+07
0.104 2.95469e+07
0.104 2.95469e+07
0.104 2.95469e+07
0.104 2.95469e+07
0.104 2.95469e+07
0.104 2.95469e+07
0.104 2.95469e+07
0.104 2.95469e+07
0.104 2.95469e+07
0.104 2.95469e+07
0.104 2.95469e+07
0.104 2.95469e+07
0.104 2.95469e+07
0.104 2.95469e+07
0.104 2.95469e+07
0.104 2.95469e+07
0.104 2.95469e+07
0.104 2.95469e+07
0.104 2.95469e+07
0.104 2.95469e+07
0.104 2.95469e+07
0.104 2.95469e+07
0.104 2.95469e+07
0.104 2.95469e+07
0.104 2.95469e+07
0.104 2.95469e+07
0.104 2.95469e+07
0.104 2.95469e+07
0.104 2.95469e+07
0.104 2.95469e+07
0.104 2.95469e+07
0.104 2.95469e+07
0.104 2.95469e+07
0.104 2.95469e+07
0.104 2.95469e+07
0.104 2.95469e+07
0.104 2.95469e+07
0.104 2.95469e+07
0.104 2.95469e+07
0.104 2.95469e+07
0.104 2.95469e+07
0.104 2.95469e+07
0.104 2.95469e+07
0.104 2.95469e+07
0.104 2.95469e+07
0.104 2.95469e+07
0.104 2.95469e+07
0.104 2.95469e+07
0.104 2.95469e+07
0.104 2.95469e+07
0.104 2.95469e+07
0.104 2.95469e+07
0.104 2.95469e+07
0.104 2.95469e+07
0.104 2.95469e+07
0.104 2.95469e+07
0.104 2.95469e+07
0.104 2.95469e+07
0.104 2.95469e+07
0.104 2.95469e+07
0.104 2.95469e+07
0.104 2.95469e+07
0.104 2.95469e+07
0.104 2.95469e+07
0.104 2.95469e+07
0.104 2.95469e+07
0.104 2.95469e+07
0.104 2.95469e+07
0.104 2.95469e+07
0.104 2.95469e+07
0.104 2.95469e+07
0.104 2.95469e+07
0.104 2.95469e+07
0.104 2.95469e+07
0.104 2.95469e+07
0.104 2.95469e+07
