0.34 44.486
0.64 7.24589
0.72 -47.1763
0.848 -74.9794
0.904 -95.037
0.908 -104.496
0.924 -110.066
0.932 -113.395
0.932 -115.749
0.932 -118.276
0.936 -119.746
0.936 -121.392
0.944 -122.636
0.952 -123.595
0.952 -123.941
0.952 -125.197
0.936 -125.685
0.956 -126.646
0.956 -126.464
0.948 -126.704
0.948 -127.643
0.948 -128.421
0.948 -128.477
0.952 -128.74
0.952 -129.048
0.944 -128.932
0.944 -129.621
0.96 -129.41
0.944 -129.832
0.944 -130.654
0.972 -130.751
0.96 -130.985
0.956 -131.297
0.964 -131.583
0.968 -131.732
0.96 -131.557
0.96 -132.028
0.96 -132.274
0.956 -131.883
0.952 -132.186
0.956 -131.905
0.96 -132.282
0.96 -132.769
0.952 -133.193
0.948 -132.353
0.964 -132.753
0.948 -132.901
0.956 -133.073
0.96 -133.604
0.948 -134.027
0.964 -133.933
0.964 -133.819
0.972 -133.72
0.964 -134.07
0.964 -134.006
0.964 -134.339
0.944 -134.296
0.964 -133.935
0.972 -134.32
0.968 -134.343
0.952 -134.41
0.952 -134.787
0.96 -135.012
0.956 -135.138
0.956 -135.014
0.96 -134.946
0.964 -135.032
0.96 -134.748
0.952 -134.361
0.964 -134.966
0.94 -135.075
0.956 -135.596
0.964 -135.472
0.952 -135.676
0.964 -135.755
0.948 -135.716
0.952 -135.268
0.96 -135.97
0.952 -135.975
0.956 -136.153
0.968 -136.095
0.972 -135.989
0.952 -136.283
0.964 -136.242
0.968 -136.146
0.972 -136.408
0.96 -136.352
0.968 -135.987
0.98 -136.572
0.96 -136.765
0.956 -136.458
0.964 -136.803
0.964 -136.972
0.968 -137.299
0.96 -137.3
0.976 -137.332
0.964 -136.849
0.968 -137.241
0.972 -137.505
0.968 -137.488
