0.092 44.1466
0.38 23.7636
0.652 -20.4515
0.884 -60.2179
0.916 -92.2601
0.908 -101.175
0.92 -106.357
0.924 -110.2
0.928 -112.565
0.948 -114.258
0.936 -116.729
0.932 -117.975
0.948 -119.265
0.944 -120.485
0.956 -122.219
0.964 -122.494
0.956 -123.169
0.948 -123.549
0.944 -123.834
0.948 -125.181
0.956 -125.546
0.972 -125.777
0.96 -126.247
0.96 -126.353
0.96 -126.796
0.96 -127.541
0.96 -127.993
0.956 -128.025
0.96 -128.483
0.96 -128.606
0.96 -128.908
0.96 -129.156
0.964 -129.163
0.972 -129.846
0.952 -130.061
0.96 -130.242
0.952 -130.36
0.956 -130.51
0.964 -130.143
0.964 -131.078
0.964 -131.03
0.964 -131.101
0.96 -131.459
0.956 -131.893
0.96 -131.88
0.96 -132.024
0.956 -132.791
0.948 -132.919
0.952 -132.685
0.964 -132.928
0.952 -133.376
0.964 -133.542
0.96 -133.212
0.96 -133.801
0.968 -133.813
0.936 -133.956
0.956 -133.734
0.964 -134.384
0.952 -134.086
0.964 -134.379
0.968 -134.568
0.968 -134.344
0.964 -134.502
0.956 -133.646
0.968 -134.079
0.968 -134.733
0.972 -135.025
0.96 -135.154
0.952 -135.056
0.96 -135.559
0.964 -135.159
0.968 -135.699
0.968 -135.377
0.956 -135.663
0.964 -135.713
0.956 -135.154
0.968 -135.494
0.964 -135.764
0.968 -136.103
0.96 -136.405
0.956 -136.424
0.956 -136.171
0.94 -136.081
0.96 -136.545
0.956 -136.602
0.968 -136.87
0.972 -137.002
0.964 -136.893
0.96 -136.858
0.952 -136.639
0.964 -136.739
0.972 -136.912
0.964 -136.909
0.964 -137.386
0.96 -137.084
0.964 -137.395
0.964 -137.465
0.964 -137.468
0.968 -137.276
0.956 -137.757
