0.128 -2597.0
0.212 -1231.55
0.208 -548.163
0.208 -205.244
0.296 -31.5281
0.4 48.6371
0.62 52.6205
0.84 28.174
0.888 9.04792
0.904 3.47795
0.908 0.488749
0.908 -1.2336
0.924 -4.63537
0.936 -5.88348
0.912 -8.54395
0.932 -9.00469
0.924 -10.9446
0.928 -12.2292
0.928 -12.4616
0.944 -13.6582
0.952 -14.7327
0.94 -15.5167
0.948 -15.8219
0.924 -16.3415
0.936 -16.7368
0.94 -16.9266
0.936 -17.1847
0.948 -17.2698
0.952 -17.5796
0.948 -17.7065
0.956 -17.8671
0.952 -17.9346
0.952 -18.0106
0.956 -17.8553
0.948 -17.9101
0.956 -18.3193
0.956 -18.3046
0.956 -18.3977
0.952 -18.619
0.948 -18.5566
0.952 -18.5127
0.948 -18.6313
0.956 -18.7783
0.96 -18.7978
0.956 -18.9075
0.956 -19.07
0.96 -18.9998
0.956 -19.0371
0.96 -18.9796
0.956 -19.0027
0.96 -19.0761
0.96 -19.0504
0.96 -19.1019
0.956 -19.0824
0.952 -19.092
0.952 -19.0896
0.956 -19.0957
0.956 -19.096
0.956 -19.0681
0.952 -18.9974
0.956 -19.1259
0.956 -19.1931
0.948 -19.0893
0.952 -19.2105
0.952 -19.2835
0.952 -19.2478
0.948 -19.2467
0.956 -19.2886
0.956 -19.3162
0.936 -19.2163
0.944 -19.0569
0.952 -19.3791
0.952 -19.4193
0.952 -19.4049
0.952 -19.437
0.956 -19.4605
0.96 -19.4506
0.952 -19.4781
0.948 -19.4747
0.948 -19.4596
0.956 -19.3854
0.948 -19.2939
0.956 -19.1881
0.952 -19.2855
0.94 -19.436
0.948 -19.3234
0.952 -18.6493
0.952 -19.1531
0.948 -19.3618
0.952 -19.2825
0.956 -19.0556
0.932 -19.1847
0.94 -19.4762
0.96 -19.5493
0.948 -19.5912
0.956 -19.6589
0.952 -19.6723
0.96 -19.6835
0.956 -19.1849
0.932 -19.3251
