0.112 -2600.12
0.136 -1231.52
0.168 -542.925
0.252 -205.981
0.42 -48.7325
0.556 4.66451
0.8 11.5797
0.86 0.50068
0.892 -0.690733
0.904 -1.81879
0.904 -3.17296
0.9 -4.58808
0.896 -6.44636
0.892 -7.7348
0.904 -9.39444
0.908 -11.0163
0.916 -12.7898
0.92 -13.5074
0.924 -13.9631
0.9 -14.5197
0.92 -15.2216
0.92 -15.8434
0.916 -16.1068
0.92 -16.4111
0.9 -16.9876
0.92 -17.26
0.908 -17.5742
0.916 -17.7501
0.928 -17.9674
0.92 -17.8775
0.936 -18.1167
0.92 -18.3352
0.932 -18.5475
0.924 -18.5069
0.932 -18.6683
0.92 -18.7084
0.92 -18.5481
0.924 -18.762
0.924 -18.8953
0.92 -18.95
0.92 -18.8765
0.912 -18.9088
0.92 -18.963
0.924 -18.8112
0.924 -19.1328
0.924 -19.1625
0.924 -19.272
0.936 -19.3282
0.928 -19.3636
0.92 -19.3066
0.92 -19.3543
0.92 -19.4066
0.932 -19.3732
0.92 -19.2952
0.928 -19.1892
0.924 -19.3528
0.92 -19.4242
0.92 -19.4855
0.908 -19.3439
0.92 -19.5004
0.924 -19.4778
0.932 -19.5232
0.928 -19.3312
0.916 -19.5218
0.928 -19.6243
0.928 -19.617
0.932 -19.6565
0.92 -19.6521
0.932 -19.4367
0.94 -19.3769
0.912 -19.3104
0.924 -19.6795
0.908 -19.8148
0.916 -19.8117
0.932 -19.7673
0.936 -19.8368
0.924 -19.8688
0.908 -19.9279
0.916 -19.9402
0.916 -19.9163
0.916 -19.9723
0.924 -19.96
0.916 -19.8096
0.916 -19.8518
0.912 -19.9803
0.92 -19.9876
0.928 -19.8977
0.916 -19.9247
0.916 -19.5026
0.92 -19.5797
0.92 -19.5481
0.924 -19.9892
0.924 -20.0216
0.928 -20.0081
0.924 -20.0265
0.924 -20.0217
0.924 -20.0841
0.924 -20.0499
0.904 -20.0721
0.924 -19.9097
