0.132 146669.0
0.14 68439.3
0.188 32893.5
0.216 16170.5
0.168 8119.46
0.276 4162.22
0.288 2196.71
0.3 1225.96
0.3 740.772
0.328 493.084
0.32 369.148
0.344 303.57
0.336 265.367
0.372 248.165
0.348 238.322
0.352 234.413
0.372 229.245
0.372 224.278
0.376 221.12
0.4 211.233
0.404 205.469
0.424 201.229
0.428 194.947
0.456 193.287
0.472 182.017
0.476 179.977
0.476 178.858
0.472 175.528
0.48 175.857
0.472 176.023
0.492 173.51
0.492 173.911
0.488 170.452
0.484 168.936
0.488 169.578
0.468 175.393
0.472 173.886
0.488 168.696
0.492 166.772
0.52 160.063
0.528 155.471
0.524 148.527
0.536 151.453
0.544 150.456
0.564 143.615
0.576 139.622
0.58 133.984
0.572 132.131
0.596 131.297
0.588 127.447
0.568 128.295
0.568 135.408
0.572 131.842
0.604 127.614
0.62 127.025
0.608 126.048
0.608 124.904
0.588 128.464
0.604 124.881
0.612 122.422
0.604 124.057
0.6 125.034
0.616 123.646
0.608 122.525
0.612 125.039
0.616 123.369
0.612 122.869
0.604 123.706
0.612 123.015
0.62 120.815
0.616 120.605
0.588 121.392
0.592 123.658
0.608 121.807
0.6 125.352
0.62 123.029
0.616 120.187
0.612 121.543
0.616 121.373
0.616 122.555
0.604 119.286
0.6 120.381
0.6 120.946
0.588 120.241
0.596 119.251
0.6 118.209
0.6 119.354
0.596 119.44
0.604 117.63
0.608 118.227
0.608 120.384
0.616 119.476
0.62 118.15
0.616 118.726
0.584 118.608
0.608 122.583
0.616 118.97
0.64 107.725
0.64 103.219
0.66 98.1449
