0.128 2.98383e+07
0.128 2.95421e+07
0.128 2.95421e+07
0.128 2.95424e+07
0.128 2.95422e+07
0.128 2.95419e+07
0.128 2.95416e+07
0.128 2.95414e+07
0.256 2.92266e+07
0.456 2.28903e+07
0.464 1.97163e+07
0.464 1.85593e+07
0.46 1.81671e+07
0.46 1.79374e+07
0.464 1.78066e+07
0.464 1.7743e+07
0.464 1.76707e+07
0.468 1.76305e+07
0.46 1.7623e+07
0.472 1.75638e+07
0.468 1.75657e+07
0.472 1.74946e+07
0.464 1.74313e+07
0.468 1.74088e+07
0.468 1.74004e+07
0.468 1.73929e+07
0.468 1.73889e+07
0.464 1.73934e+07
0.464 1.73864e+07
0.468 1.73858e+07
0.468 1.73878e+07
0.464 1.73794e+07
0.464 1.73764e+07
0.464 1.73823e+07
0.464 1.73762e+07
0.464 1.73639e+07
0.464 1.73639e+07
0.468 1.73642e+07
0.464 1.73615e+07
0.464 1.73605e+07
0.464 1.73599e+07
0.464 1.73594e+07
0.464 1.73591e+07
0.464 1.73589e+07
0.464 1.73586e+07
0.464 1.73583e+07
0.464 1.73581e+07
0.464 1.73579e+07
0.464 1.73577e+07
0.464 1.73576e+07
0.464 1.73575e+07
0.468 1.73573e+07
0.464 1.73573e+07
0.464 1.73572e+07
0.464 1.73571e+07
0.464 1.73571e+07
0.464 1.7357e+07
0.464 1.7357e+07
0.464 1.73569e+07
0.464 1.73569e+07
0.468 1.73568e+07
0.468 1.73568e+07
0.468 1.73568e+07
0.468 1.73568e+07
0.468 1.73567e+07
0.468 1.73568e+07
0.468 1.73567e+07
0.464 1.73567e+07
0.464 1.73567e+07
0.468 1.73567e+07
0.464 1.73567e+07
0.468 1.73567e+07
0.464 1.73567e+07
0.468 1.73567e+07
0.468 1.73566e+07
0.464 1.73567e+07
0.464 1.73567e+07
0.468 1.73567e+07
0.468 1.73566e+07
0.468 1.73567e+07
0.468 1.73566e+07
0.468 1.73566e+07
0.468 1.73566e+07
0.468 1.73566e+07
0.468 1.73566e+07
0.468 1.73566e+07
0.468 1.73566e+07
0.468 1.73566e+07
0.468 1.73566e+07
0.464 1.73566e+07
0.464 1.73566e+07
0.464 1.73567e+07
0.46 1.74598e+07
0.46 1.79216e+07
0.464 1.76949e+07
0.46 1.75388e+07
0.464 1.7438e+07
0.468 1.74408e+07
0.468 1.73732e+07
0.468 1.74208e+07
