0.156 -94272.2
0.128 -47932.7
0.128 -24216.7
0.124 -12173.9
0.124 -6087.91
0.128 -3032.59
0.128 -1497.97
0.128 -729.664
0.116 -345.373
0.068 -153.25
0.06 -57.0483
0.06 -8.89609
0.06 15.1366
0.06 27.1701
0.06 33.1748
0.06 36.1844
0.06 37.6891
0.06 38.4398
0.06 38.8159
0.06 39.0038
0.06 39.0977
0.06 39.1447
0.06 39.1682
0.06 39.1799
0.06 39.1858
0.06 39.1887
0.06 39.1902
0.06 39.1909
0.06 39.1913
0.06 39.1915
0.06 39.1916
0.06 39.1916
0.06 39.1916
0.06 39.1916
0.06 39.1916
0.06 39.1916
0.06 39.1917
0.06 39.1916
0.06 39.1917
0.06 39.1917
0.096 39.1916
0.096 39.1916
0.096 39.1916
0.096 39.1916
0.096 39.1917
0.096 39.1916
0.096 39.1917
0.096 39.1917
0.096 39.1916
0.096 39.1916
0.096 39.1917
0.096 39.1916
0.096 39.1916
0.096 39.1917
0.096 39.1916
0.096 39.1917
0.096 39.1916
0.096 39.1916
0.096 39.1917
0.096 39.1917
0.096 39.1917
0.096 39.1916
0.096 39.1916
0.096 39.1916
0.096 39.1916
0.096 39.1917
0.096 39.1916
0.096 39.1916
0.096 39.1917
0.096 39.1916
0.096 39.1917
0.096 39.1917
0.096 39.1916
0.096 39.1917
0.096 39.1916
0.096 39.1917
0.096 39.1916
0.096 39.1916
0.096 39.1916
0.096 39.1916
0.096 39.1916
0.096 39.1916
0.096 39.1917
0.096 39.1917
0.096 39.1917
0.096 39.1917
0.096 39.1917
0.096 39.1917
0.096 39.1916
0.096 39.1917
0.096 39.1916
0.096 39.1917
0.096 39.1916
0.096 39.1917
0.096 39.1917
0.096 39.1916
0.096 39.1916
0.096 39.1916
0.096 39.1917
0.096 39.1917
