0.556 -1848.28
0.812 -1166.59
0.84 -618.462
0.86 -309.088
0.872 -150.022
0.88 -68.7602
0.876 -30.7622
0.888 -13.2122
0.884 -5.37525
0.908 -1.65152
0.912 -1.31081
0.912 -2.54922
0.924 -3.38926
0.908 -4.7337
0.916 -5.52409
0.916 -7.04332
0.916 -8.37822
0.932 -8.73124
0.936 -9.75445
0.932 -11.2288
0.924 -11.5275
0.936 -12.4079
0.94 -12.3662
0.94 -12.971
0.944 -13.5261
0.948 -14.0424
0.948 -14.4115
0.956 -14.8677
0.944 -15.1152
0.956 -15.8697
0.952 -15.5382
0.944 -16.5799
0.948 -17.0254
0.948 -16.8873
0.952 -17.0645
0.948 -17.1168
0.96 -16.8894
0.948 -17.286
0.964 -17.5191
0.948 -18.0372
0.952 -18.2424
0.948 -18.1225
0.948 -18.4463
0.96 -18.6648
0.956 -18.6474
0.952 -18.7407
0.956 -19.0523
0.952 -19.0176
0.952 -18.7579
0.956 -18.9772
0.96 -19.1001
0.956 -19.1089
0.948 -19.1391
0.956 -19.1038
0.964 -19.2794
0.956 -19.3485
0.96 -19.4262
0.968 -19.4243
0.964 -19.2804
0.968 -19.202
0.968 -19.4547
0.968 -19.3914
0.96 -19.6151
0.976 -19.764
0.968 -19.6764
0.968 -19.5139
0.972 -19.5428
0.964 -19.679
0.964 -19.419
0.968 -19.2907
0.964 -19.758
0.968 -19.8176
0.964 -19.8503
0.96 -19.8352
0.956 -19.8314
0.968 -19.7364
0.956 -19.8018
0.956 -19.8402
0.964 -19.9326
0.968 -19.9441
0.968 -19.9694
0.968 -19.9272
0.976 -19.9658
0.96 -19.9058
0.964 -19.9788
0.972 -19.9768
0.964 -19.8668
0.956 -19.8886
0.964 -19.8509
0.964 -19.8827
0.972 -19.7627
0.964 -19.9165
0.964 -20.0449
0.968 -20.0718
0.96 -19.9656
0.968 -19.9127
0.964 -20.0298
0.96 -19.7362
0.956 -19.9846
0.964 -19.8013
